Latitude: 37.7781667
Longitude: -122.4151667
