Latitude: 37.77917859999999
Longitude: -122.4145376
