Latitude: 37.77712580000001
Longitude: -122.4231924
