Latitude: 37.773537
Longitude: -122.421751
