Latitude: 37.7720017
Longitude: -122.422066
