Latitude: 37.7761695
Longitude: -122.4143867
