Latitude: 37.7756659
Longitude: -122.40861
