Latitude: 37.7795744
Longitude: -122.4137147
