Latitude: 37.7762556
Longitude: -122.4135621
