Latitude: 37.7804985
Longitude: -122.4120378
