Latitude: 37.78293049999999
Longitude: -122.4178735
