Latitude: 37.7831768
Longitude: -122.4195151
