Latitude: 37.7802772
Longitude: -122.4161605
