Latitude: 37.7823889
Longitude: -122.4188905
