Latitude: 37.7772775
Longitude: -122.4087195
