Latitude: 37.7686504
Longitude: -122.4129792
