Latitude: 37.7725859
Longitude: -122.4108229
