Latitude: 37.7729354
Longitude: -122.4102023
