Latitude: 37.77908189999999
Longitude: -122.4157961
